using System;
using System.Collections.Generic;
using System.Text;
using ISAAR.MSolve.Discretization.FreedomDegrees;
using ISAAR.MSolve.Discretization.Mesh;
using ISAAR.MSolve.LinearAlgebra.Matrices;
using ISAAR.MSolve.LinearAlgebra.Vectors;
using MGroup.XFEM.Cracks;
using MGroup.XFEM.Cracks.Geometry;
using MGroup.XFEM.Cracks.PropagationTermination;
using MGroup.XFEM.Elements;
using MGroup.XFEM.Enrichment;
using MGroup.XFEM.Enrichment.Enrichers;
using MGroup.XFEM.Enrichment.Functions;
using MGroup.XFEM.Enrichment.SingularityResolution;
using MGroup.XFEM.Entities;
using MGroup.XFEM.Geometry;
using MGroup.XFEM.Geometry.Primitives;
using MGroup.XFEM.Integration;
using MGroup.XFEM.Integration.Quadratures;
using MGroup.XFEM.Materials;
using Xunit;

namespace MGroup.XFEM.Tests.Fracture.ThreeDimensional
{
    public static class Hexa8XElementTest
    {
        private const double E = 2E6, v = 0.3;
        private const double L = 1.0;
        private const double xCrack = 1.5;
        private const int subdomainID = 0;

        [Fact]
        public static void TestElementStiffnesses()
        {
            XModel<IXCrackElement> model = CreateModel();
            CreateCrack(model);
            model.Initialize();

            double tol = 1E-4;
            foreach (IXFiniteElement element in model.Elements)
            {
                IMatrix computedK = element.StiffnessMatrix(element);
                #region debug
                //string path = @"C:\Users\Serafeim\Desktop\temp\" + $"K{element.ID}.txt";
                //var writer = new ISAAR.MSolve.LinearAlgebra.Output.FullMatrixWriter();
                //writer.ArrayFormat = ISAAR.MSolve.LinearAlgebra.Output.Formatting.Array2DFormat.CSharpArray;
                //writer.WriteToFile(computedK, path);
                #endregion
                Matrix expectedK = GetExpectedStiffness(element.ID);
                Assert.True(expectedK.Equals(computedK, tol));
            }
        }

        private static XModel<IXCrackElement> CreateModel()
        {
            var model = new XModel<IXCrackElement>(3);
            model.Subdomains[subdomainID] = new XSubdomain(subdomainID);

            // Nodes
            model.XNodes.Add(new XNode(0, 0,  0, 0));
            model.XNodes.Add(new XNode(1, L,  0, 0));
            model.XNodes.Add(new XNode(2, 2L, 0, 0));
            model.XNodes.Add(new XNode(3, 3L, 0, 0));
            model.XNodes.Add(new XNode(4, 4L, 0, 0));
            model.XNodes.Add(new XNode(5, 0,  L, 0));
            model.XNodes.Add(new XNode(6, L,  L, 0));
            model.XNodes.Add(new XNode(7, 2L, L, 0));
            model.XNodes.Add(new XNode(8, 3L, L, 0));
            model.XNodes.Add(new XNode(9, 4L, L, 0));

            model.XNodes.Add(new XNode(10, 0,  0, L));
            model.XNodes.Add(new XNode(11, L,  0, L));
            model.XNodes.Add(new XNode(12, 2L, 0, L));
            model.XNodes.Add(new XNode(13, 3L, 0, L));
            model.XNodes.Add(new XNode(14, 4L, 0, L));
            model.XNodes.Add(new XNode(15, 0,  L, L));
            model.XNodes.Add(new XNode(16, L,  L, L));
            model.XNodes.Add(new XNode(17, 2L, L, L));
            model.XNodes.Add(new XNode(18, 3L, L, L));
            model.XNodes.Add(new XNode(19, 4L, L, L));

            // Elements
            var material = new HomogeneousFractureMaterialField3D(E, v);
            var enrichedIntegration = new IntegrationWithNonconformingQuads2D(2, GaussLegendre2D.GetQuadratureWithOrder(2, 2));
            var bulkIntegration = new CrackElementIntegrationStrategy(
                enrichedIntegration, enrichedIntegration, enrichedIntegration);
            var factory = new XCrackElementFactory3D(material, bulkIntegration);
            
            var elements = new IXCrackElement[4];
            elements[0] = factory.CreateElement(0, CellType.Hexa8, new XNode[]
            {
                model.XNodes[0], model.XNodes[1], model.XNodes[6], model.XNodes[5],
                model.XNodes[10], model.XNodes[11], model.XNodes[16], model.XNodes[15]
            });
            elements[1] = factory.CreateElement(1, CellType.Hexa8, new XNode[]
            {
                model.XNodes[1], model.XNodes[2], model.XNodes[7], model.XNodes[6],
                model.XNodes[11], model.XNodes[12], model.XNodes[17], model.XNodes[16]
            });
            elements[2] = factory.CreateElement(2, CellType.Hexa8, new XNode[]
            {
                model.XNodes[2], model.XNodes[3], model.XNodes[8], model.XNodes[7],
                model.XNodes[12], model.XNodes[13], model.XNodes[18], model.XNodes[17]
            });
            elements[3] = factory.CreateElement(3, CellType.Hexa8, new XNode[]
            {
                model.XNodes[3], model.XNodes[4], model.XNodes[9], model.XNodes[8],
                model.XNodes[13], model.XNodes[14], model.XNodes[19], model.XNodes[18]
            });

            foreach (IXCrackElement element in elements)
            {
                model.Elements.Add(element);
                model.Subdomains[subdomainID].Elements.Add(element);
            }

            return model;
        }

        private static void CreateCrack(XModel<IXCrackElement> model)
        {
            var geometryModel = new CrackGeometryModel(model);
            model.GeometryModel = geometryModel;
            var crack = new MockCrack();
            geometryModel.Enricher = new MockNodeEnricher(model, crack);
            geometryModel.Cracks[crack.ID] = crack;
        }

        //// <summary>
        /// The order of dofs in node major, enrichment medium, axis minor
        /// </summary>
        /// <param name="elementID"></param>
        /// <returns></returns>
        private static Matrix GetExpectedStiffness(int elementID) //TODO: Validate these
        { 
            if (elementID == 0)
            {
                return Matrix.CreateFromArray(new double[,]
                {
                    {  4.700855E+005,  1.602564E+005,  1.602564E+005, -2.136752E+005,  3.205128E+004,  3.205128E+004,  0.000000E+000,  0.000000E+000,  0.000000E+000, -1.709402E+005, -1.602564E+005,  1.602564E+004,  0.000000E+000,  0.000000E+000,  0.000000E+000,  1.068376E+005, -3.205128E+004,  8.012821E+004,  1.068376E+005,  8.012821E+004, -3.205128E+004, -1.709402E+005,  1.602564E+004, -1.602564E+005,  0.000000E+000,  0.000000E+000,  0.000000E+000, -1.175214E+005, -8.012821E+004, -8.012821E+004,  0.000000E+000,  0.000000E+000,  0.000000E+000, -1.068376E+004, -1.602564E+004, -1.602564E+004 },
                    {  1.602564E+005,  4.700855E+005,  1.602564E+005, -3.205128E+004,  1.068376E+005,  8.012821E+004,  0.000000E+000,  0.000000E+000,  0.000000E+000, -1.602564E+005, -1.709402E+005,  1.602564E+004,  0.000000E+000,  0.000000E+000,  0.000000E+000,  3.205128E+004, -2.136752E+005,  3.205128E+004,  8.012821E+004,  1.068376E+005, -3.205128E+004, -1.602564E+004, -1.068376E+004, -1.602564E+004,  0.000000E+000,  0.000000E+000,  0.000000E+000, -8.012821E+004, -1.175214E+005, -8.012821E+004,  0.000000E+000,  0.000000E+000,  0.000000E+000,  1.602564E+004, -1.709402E+005, -1.602564E+005 },
                    {  1.602564E+005,  1.602564E+005,  4.700855E+005, -3.205128E+004,  8.012821E+004,  1.068376E+005,  0.000000E+000,  0.000000E+000,  0.000000E+000, -1.602564E+004, -1.602564E+004, -1.068376E+004,  0.000000E+000,  0.000000E+000,  0.000000E+000,  8.012821E+004, -3.205128E+004,  1.068376E+005,  3.205128E+004,  3.205128E+004, -2.136752E+005, -1.602564E+005,  1.602564E+004, -1.709402E+005,  0.000000E+000,  0.000000E+000,  0.000000E+000, -8.012821E+004, -8.012821E+004, -1.175214E+005,  0.000000E+000,  0.000000E+000,  0.000000E+000,  1.602564E+004, -1.602564E+005, -1.709402E+005 },
                    { -2.136752E+005, -3.205128E+004, -3.205128E+004,  4.700855E+005, -1.602564E+005, -1.602564E+005,  0.000000E+000,  0.000000E+000,  0.000000E+000,  1.068376E+005,  3.205128E+004, -8.012821E+004,  0.000000E+000,  0.000000E+000,  0.000000E+000, -1.709402E+005,  1.602564E+005, -1.602564E+004, -1.709402E+005, -1.602564E+004,  1.602564E+005,  1.068376E+005, -8.012821E+004,  3.205128E+004,  0.000000E+000,  0.000000E+000,  0.000000E+000, -1.068376E+004,  1.602564E+004,  1.602564E+004,  0.000000E+000,  0.000000E+000,  0.000000E+000, -1.175214E+005,  8.012821E+004,  8.012821E+004 },
                    {  3.205128E+004,  1.068376E+005,  8.012821E+004, -1.602564E+005,  4.700855E+005,  1.602564E+005,  0.000000E+000,  0.000000E+000,  0.000000E+000, -3.205128E+004, -2.136752E+005,  3.205128E+004,  0.000000E+000,  0.000000E+000,  0.000000E+000,  1.602564E+005, -1.709402E+005,  1.602564E+004,  1.602564E+004, -1.068376E+004, -1.602564E+004, -8.012821E+004,  1.068376E+005, -3.205128E+004,  0.000000E+000,  0.000000E+000,  0.000000E+000, -1.602564E+004, -1.709402E+005, -1.602564E+005,  0.000000E+000,  0.000000E+000,  0.000000E+000,  8.012821E+004, -1.175214E+005, -8.012821E+004 },
                    {  3.205128E+004,  8.012821E+004,  1.068376E+005, -1.602564E+005,  1.602564E+005,  4.700855E+005,  0.000000E+000,  0.000000E+000,  0.000000E+000, -8.012821E+004, -3.205128E+004,  1.068376E+005,  0.000000E+000,  0.000000E+000,  0.000000E+000,  1.602564E+004, -1.602564E+004, -1.068376E+004,  1.602564E+005,  1.602564E+004, -1.709402E+005, -3.205128E+004,  3.205128E+004, -2.136752E+005,  0.000000E+000,  0.000000E+000,  0.000000E+000, -1.602564E+004, -1.602564E+005, -1.709402E+005,  0.000000E+000,  0.000000E+000,  0.000000E+000,  8.012821E+004, -8.012821E+004, -1.175214E+005 },
                    {  0.000000E+000,  0.000000E+000,  0.000000E+000,  0.000000E+000,  0.000000E+000,  0.000000E+000,  0.000000E+000,  0.000000E+000,  0.000000E+000,  0.000000E+000,  0.000000E+000,  0.000000E+000,  0.000000E+000,  0.000000E+000,  0.000000E+000,  0.000000E+000,  0.000000E+000,  0.000000E+000,  0.000000E+000,  0.000000E+000,  0.000000E+000,  0.000000E+000,  0.000000E+000,  0.000000E+000,  0.000000E+000,  0.000000E+000,  0.000000E+000,  0.000000E+000,  0.000000E+000,  0.000000E+000,  0.000000E+000,  0.000000E+000,  0.000000E+000,  0.000000E+000,  0.000000E+000,  0.000000E+000 },
                    {  0.000000E+000,  0.000000E+000,  0.000000E+000,  0.000000E+000,  0.000000E+000,  0.000000E+000,  0.000000E+000,  0.000000E+000,  0.000000E+000,  0.000000E+000,  0.000000E+000,  0.000000E+000,  0.000000E+000,  0.000000E+000,  0.000000E+000,  0.000000E+000,  0.000000E+000,  0.000000E+000,  0.000000E+000,  0.000000E+000,  0.000000E+000,  0.000000E+000,  0.000000E+000,  0.000000E+000,  0.000000E+000,  0.000000E+000,  0.000000E+000,  0.000000E+000,  0.000000E+000,  0.000000E+000,  0.000000E+000,  0.000000E+000,  0.000000E+000,  0.000000E+000,  0.000000E+000,  0.000000E+000 },
                    {  0.000000E+000,  0.000000E+000,  0.000000E+000,  0.000000E+000,  0.000000E+000,  0.000000E+000,  0.000000E+000,  0.000000E+000,  0.000000E+000,  0.000000E+000,  0.000000E+000,  0.000000E+000,  0.000000E+000,  0.000000E+000,  0.000000E+000,  0.000000E+000,  0.000000E+000,  0.000000E+000,  0.000000E+000,  0.000000E+000,  0.000000E+000,  0.000000E+000,  0.000000E+000,  0.000000E+000,  0.000000E+000,  0.000000E+000,  0.000000E+000,  0.000000E+000,  0.000000E+000,  0.000000E+000,  0.000000E+000,  0.000000E+000,  0.000000E+000,  0.000000E+000,  0.000000E+000,  0.000000E+000 },
                    { -1.709402E+005, -1.602564E+005, -1.602564E+004,  1.068376E+005, -3.205128E+004, -8.012821E+004,  0.000000E+000,  0.000000E+000,  0.000000E+000,  4.700855E+005,  1.602564E+005, -1.602564E+005,  0.000000E+000,  0.000000E+000,  0.000000E+000, -2.136752E+005,  3.205128E+004, -3.205128E+004, -1.175214E+005, -8.012821E+004,  8.012821E+004, -1.068376E+004, -1.602564E+004,  1.602564E+004,  0.000000E+000,  0.000000E+000,  0.000000E+000,  1.068376E+005,  8.012821E+004,  3.205128E+004,  0.000000E+000,  0.000000E+000,  0.000000E+000, -1.709402E+005,  1.602564E+004,  1.602564E+005 },
                    { -1.602564E+005, -1.709402E+005, -1.602564E+004,  3.205128E+004, -2.136752E+005, -3.205128E+004,  0.000000E+000,  0.000000E+000,  0.000000E+000,  1.602564E+005,  4.700855E+005, -1.602564E+005,  0.000000E+000,  0.000000E+000,  0.000000E+000, -3.205128E+004,  1.068376E+005, -8.012821E+004, -8.012821E+004, -1.175214E+005,  8.012821E+004,  1.602564E+004, -1.709402E+005,  1.602564E+005,  0.000000E+000,  0.000000E+000,  0.000000E+000,  8.012821E+004,  1.068376E+005,  3.205128E+004,  0.000000E+000,  0.000000E+000,  0.000000E+000, -1.602564E+004, -1.068376E+004,  1.602564E+004 },
                    {  1.602564E+004,  1.602564E+004, -1.068376E+004, -8.012821E+004,  3.205128E+004,  1.068376E+005,  0.000000E+000,  0.000000E+000,  0.000000E+000, -1.602564E+005, -1.602564E+005,  4.700855E+005,  0.000000E+000,  0.000000E+000,  0.000000E+000,  3.205128E+004, -8.012821E+004,  1.068376E+005,  8.012821E+004,  8.012821E+004, -1.175214E+005, -1.602564E+004,  1.602564E+005, -1.709402E+005,  0.000000E+000,  0.000000E+000,  0.000000E+000, -3.205128E+004, -3.205128E+004, -2.136752E+005,  0.000000E+000,  0.000000E+000,  0.000000E+000,  1.602564E+005, -1.602564E+004, -1.709402E+005 },
                    {  0.000000E+000,  0.000000E+000,  0.000000E+000,  0.000000E+000,  0.000000E+000,  0.000000E+000,  0.000000E+000,  0.000000E+000,  0.000000E+000,  0.000000E+000,  0.000000E+000,  0.000000E+000,  0.000000E+000,  0.000000E+000,  0.000000E+000,  0.000000E+000,  0.000000E+000,  0.000000E+000,  0.000000E+000,  0.000000E+000,  0.000000E+000,  0.000000E+000,  0.000000E+000,  0.000000E+000,  0.000000E+000,  0.000000E+000,  0.000000E+000,  0.000000E+000,  0.000000E+000,  0.000000E+000,  0.000000E+000,  0.000000E+000,  0.000000E+000,  0.000000E+000,  0.000000E+000,  0.000000E+000 },
                    {  0.000000E+000,  0.000000E+000,  0.000000E+000,  0.000000E+000,  0.000000E+000,  0.000000E+000,  0.000000E+000,  0.000000E+000,  0.000000E+000,  0.000000E+000,  0.000000E+000,  0.000000E+000,  0.000000E+000,  0.000000E+000,  0.000000E+000,  0.000000E+000,  0.000000E+000,  0.000000E+000,  0.000000E+000,  0.000000E+000,  0.000000E+000,  0.000000E+000,  0.000000E+000,  0.000000E+000,  0.000000E+000,  0.000000E+000,  0.000000E+000,  0.000000E+000,  0.000000E+000,  0.000000E+000,  0.000000E+000,  0.000000E+000,  0.000000E+000,  0.000000E+000,  0.000000E+000,  0.000000E+000 },
                    {  0.000000E+000,  0.000000E+000,  0.000000E+000,  0.000000E+000,  0.000000E+000,  0.000000E+000,  0.000000E+000,  0.000000E+000,  0.000000E+000,  0.000000E+000,  0.000000E+000,  0.000000E+000,  0.000000E+000,  0.000000E+000,  0.000000E+000,  0.000000E+000,  0.000000E+000,  0.000000E+000,  0.000000E+000,  0.000000E+000,  0.000000E+000,  0.000000E+000,  0.000000E+000,  0.000000E+000,  0.000000E+000,  0.000000E+000,  0.000000E+000,  0.000000E+000,  0.000000E+000,  0.000000E+000,  0.000000E+000,  0.000000E+000,  0.000000E+000,  0.000000E+000,  0.000000E+000,  0.000000E+000 },
                    {  1.068376E+005,  3.205128E+004,  8.012821E+004, -1.709402E+005,  1.602564E+005,  1.602564E+004,  0.000000E+000,  0.000000E+000,  0.000000E+000, -2.136752E+005, -3.205128E+004,  3.205128E+004,  0.000000E+000,  0.000000E+000,  0.000000E+000,  4.700855E+005, -1.602564E+005,  1.602564E+005, -1.068376E+004,  1.602564E+004, -1.602564E+004, -1.175214E+005,  8.012821E+004, -8.012821E+004,  0.000000E+000,  0.000000E+000,  0.000000E+000, -1.709402E+005, -1.602564E+004, -1.602564E+005,  0.000000E+000,  0.000000E+000,  0.000000E+000,  1.068376E+005, -8.012821E+004, -3.205128E+004 },
                    { -3.205128E+004, -2.136752E+005, -3.205128E+004,  1.602564E+005, -1.709402E+005, -1.602564E+004,  0.000000E+000,  0.000000E+000,  0.000000E+000,  3.205128E+004,  1.068376E+005, -8.012821E+004,  0.000000E+000,  0.000000E+000,  0.000000E+000, -1.602564E+005,  4.700855E+005, -1.602564E+005, -1.602564E+004, -1.709402E+005,  1.602564E+005,  8.012821E+004, -1.175214E+005,  8.012821E+004,  0.000000E+000,  0.000000E+000,  0.000000E+000,  1.602564E+004, -1.068376E+004,  1.602564E+004,  0.000000E+000,  0.000000E+000,  0.000000E+000, -8.012821E+004,  1.068376E+005,  3.205128E+004 },
                    {  8.012821E+004,  3.205128E+004,  1.068376E+005, -1.602564E+004,  1.602564E+004, -1.068376E+004,  0.000000E+000,  0.000000E+000,  0.000000E+000, -3.205128E+004, -8.012821E+004,  1.068376E+005,  0.000000E+000,  0.000000E+000,  0.000000E+000,  1.602564E+005, -1.602564E+005,  4.700855E+005,  1.602564E+004,  1.602564E+005, -1.709402E+005, -8.012821E+004,  8.012821E+004, -1.175214E+005,  0.000000E+000,  0.000000E+000,  0.000000E+000, -1.602564E+005, -1.602564E+004, -1.709402E+005,  0.000000E+000,  0.000000E+000,  0.000000E+000,  3.205128E+004, -3.205128E+004, -2.136752E+005 },
                    {  1.068376E+005,  8.012821E+004,  3.205128E+004, -1.709402E+005,  1.602564E+004,  1.602564E+005,  0.000000E+000,  0.000000E+000,  0.000000E+000, -1.175214E+005, -8.012821E+004,  8.012821E+004,  0.000000E+000,  0.000000E+000,  0.000000E+000, -1.068376E+004, -1.602564E+004,  1.602564E+004,  4.700855E+005,  1.602564E+005, -1.602564E+005, -2.136752E+005,  3.205128E+004, -3.205128E+004,  0.000000E+000,  0.000000E+000,  0.000000E+000, -1.709402E+005, -1.602564E+005, -1.602564E+004,  0.000000E+000,  0.000000E+000,  0.000000E+000,  1.068376E+005, -3.205128E+004, -8.012821E+004 },
                    {  8.012821E+004,  1.068376E+005,  3.205128E+004, -1.602564E+004, -1.068376E+004,  1.602564E+004,  0.000000E+000,  0.000000E+000,  0.000000E+000, -8.012821E+004, -1.175214E+005,  8.012821E+004,  0.000000E+000,  0.000000E+000,  0.000000E+000,  1.602564E+004, -1.709402E+005,  1.602564E+005,  1.602564E+005,  4.700855E+005, -1.602564E+005, -3.205128E+004,  1.068376E+005, -8.012821E+004,  0.000000E+000,  0.000000E+000,  0.000000E+000, -1.602564E+005, -1.709402E+005, -1.602564E+004,  0.000000E+000,  0.000000E+000,  0.000000E+000,  3.205128E+004, -2.136752E+005, -3.205128E+004 },
                    { -3.205128E+004, -3.205128E+004, -2.136752E+005,  1.602564E+005, -1.602564E+004, -1.709402E+005,  0.000000E+000,  0.000000E+000,  0.000000E+000,  8.012821E+004,  8.012821E+004, -1.175214E+005,  0.000000E+000,  0.000000E+000,  0.000000E+000, -1.602564E+004,  1.602564E+005, -1.709402E+005, -1.602564E+005, -1.602564E+005,  4.700855E+005,  3.205128E+004, -8.012821E+004,  1.068376E+005,  0.000000E+000,  0.000000E+000,  0.000000E+000,  1.602564E+004,  1.602564E+004, -1.068376E+004,  0.000000E+000,  0.000000E+000,  0.000000E+000, -8.012821E+004,  3.205128E+004,  1.068376E+005 },
                    { -1.709402E+005, -1.602564E+004, -1.602564E+005,  1.068376E+005, -8.012821E+004, -3.205128E+004,  0.000000E+000,  0.000000E+000,  0.000000E+000, -1.068376E+004,  1.602564E+004, -1.602564E+004,  0.000000E+000,  0.000000E+000,  0.000000E+000, -1.175214E+005,  8.012821E+004, -8.012821E+004, -2.136752E+005, -3.205128E+004,  3.205128E+004,  4.700855E+005, -1.602564E+005,  1.602564E+005,  0.000000E+000,  0.000000E+000,  0.000000E+000,  1.068376E+005,  3.205128E+004,  8.012821E+004,  0.000000E+000,  0.000000E+000,  0.000000E+000, -1.709402E+005,  1.602564E+005,  1.602564E+004 },
                    {  1.602564E+004, -1.068376E+004,  1.602564E+004, -8.012821E+004,  1.068376E+005,  3.205128E+004,  0.000000E+000,  0.000000E+000,  0.000000E+000, -1.602564E+004, -1.709402E+005,  1.602564E+005,  0.000000E+000,  0.000000E+000,  0.000000E+000,  8.012821E+004, -1.175214E+005,  8.012821E+004,  3.205128E+004,  1.068376E+005, -8.012821E+004, -1.602564E+005,  4.700855E+005, -1.602564E+005,  0.000000E+000,  0.000000E+000,  0.000000E+000, -3.205128E+004, -2.136752E+005, -3.205128E+004,  0.000000E+000,  0.000000E+000,  0.000000E+000,  1.602564E+005, -1.709402E+005, -1.602564E+004 },
                    { -1.602564E+005, -1.602564E+004, -1.709402E+005,  3.205128E+004, -3.205128E+004, -2.136752E+005,  0.000000E+000,  0.000000E+000,  0.000000E+000,  1.602564E+004,  1.602564E+005, -1.709402E+005,  0.000000E+000,  0.000000E+000,  0.000000E+000, -8.012821E+004,  8.012821E+004, -1.175214E+005, -3.205128E+004, -8.012821E+004,  1.068376E+005,  1.602564E+005, -1.602564E+005,  4.700855E+005,  0.000000E+000,  0.000000E+000,  0.000000E+000,  8.012821E+004,  3.205128E+004,  1.068376E+005,  0.000000E+000,  0.000000E+000,  0.000000E+000, -1.602564E+004,  1.602564E+004, -1.068376E+004 },
                    {  0.000000E+000,  0.000000E+000,  0.000000E+000,  0.000000E+000,  0.000000E+000,  0.000000E+000,  0.000000E+000,  0.000000E+000,  0.000000E+000,  0.000000E+000,  0.000000E+000,  0.000000E+000,  0.000000E+000,  0.000000E+000,  0.000000E+000,  0.000000E+000,  0.000000E+000,  0.000000E+000,  0.000000E+000,  0.000000E+000,  0.000000E+000,  0.000000E+000,  0.000000E+000,  0.000000E+000,  0.000000E+000,  0.000000E+000,  0.000000E+000,  0.000000E+000,  0.000000E+000,  0.000000E+000,  0.000000E+000,  0.000000E+000,  0.000000E+000,  0.000000E+000,  0.000000E+000,  0.000000E+000 },
                    {  0.000000E+000,  0.000000E+000,  0.000000E+000,  0.000000E+000,  0.000000E+000,  0.000000E+000,  0.000000E+000,  0.000000E+000,  0.000000E+000,  0.000000E+000,  0.000000E+000,  0.000000E+000,  0.000000E+000,  0.000000E+000,  0.000000E+000,  0.000000E+000,  0.000000E+000,  0.000000E+000,  0.000000E+000,  0.000000E+000,  0.000000E+000,  0.000000E+000,  0.000000E+000,  0.000000E+000,  0.000000E+000,  0.000000E+000,  0.000000E+000,  0.000000E+000,  0.000000E+000,  0.000000E+000,  0.000000E+000,  0.000000E+000,  0.000000E+000,  0.000000E+000,  0.000000E+000,  0.000000E+000 },
                    {  0.000000E+000,  0.000000E+000,  0.000000E+000,  0.000000E+000,  0.000000E+000,  0.000000E+000,  0.000000E+000,  0.000000E+000,  0.000000E+000,  0.000000E+000,  0.000000E+000,  0.000000E+000,  0.000000E+000,  0.000000E+000,  0.000000E+000,  0.000000E+000,  0.000000E+000,  0.000000E+000,  0.000000E+000,  0.000000E+000,  0.000000E+000,  0.000000E+000,  0.000000E+000,  0.000000E+000,  0.000000E+000,  0.000000E+000,  0.000000E+000,  0.000000E+000,  0.000000E+000,  0.000000E+000,  0.000000E+000,  0.000000E+000,  0.000000E+000,  0.000000E+000,  0.000000E+000,  0.000000E+000 },
                    { -1.175214E+005, -8.012821E+004, -8.012821E+004, -1.068376E+004, -1.602564E+004, -1.602564E+004,  0.000000E+000,  0.000000E+000,  0.000000E+000,  1.068376E+005,  8.012821E+004, -3.205128E+004,  0.000000E+000,  0.000000E+000,  0.000000E+000, -1.709402E+005,  1.602564E+004, -1.602564E+005, -1.709402E+005, -1.602564E+005,  1.602564E+004,  1.068376E+005, -3.205128E+004,  8.012821E+004,  0.000000E+000,  0.000000E+000,  0.000000E+000,  4.700855E+005,  1.602564E+005,  1.602564E+005,  0.000000E+000,  0.000000E+000,  0.000000E+000, -2.136752E+005,  3.205128E+004,  3.205128E+004 },
                    { -8.012821E+004, -1.175214E+005, -8.012821E+004,  1.602564E+004, -1.709402E+005, -1.602564E+005,  0.000000E+000,  0.000000E+000,  0.000000E+000,  8.012821E+004,  1.068376E+005, -3.205128E+004,  0.000000E+000,  0.000000E+000,  0.000000E+000, -1.602564E+004, -1.068376E+004, -1.602564E+004, -1.602564E+005, -1.709402E+005,  1.602564E+004,  3.205128E+004, -2.136752E+005,  3.205128E+004,  0.000000E+000,  0.000000E+000,  0.000000E+000,  1.602564E+005,  4.700855E+005,  1.602564E+005,  0.000000E+000,  0.000000E+000,  0.000000E+000, -3.205128E+004,  1.068376E+005,  8.012821E+004 },
                    { -8.012821E+004, -8.012821E+004, -1.175214E+005,  1.602564E+004, -1.602564E+005, -1.709402E+005,  0.000000E+000,  0.000000E+000,  0.000000E+000,  3.205128E+004,  3.205128E+004, -2.136752E+005,  0.000000E+000,  0.000000E+000,  0.000000E+000, -1.602564E+005,  1.602564E+004, -1.709402E+005, -1.602564E+004, -1.602564E+004, -1.068376E+004,  8.012821E+004, -3.205128E+004,  1.068376E+005,  0.000000E+000,  0.000000E+000,  0.000000E+000,  1.602564E+005,  1.602564E+005,  4.700855E+005,  0.000000E+000,  0.000000E+000,  0.000000E+000, -3.205128E+004,  8.012821E+004,  1.068376E+005 },
                    {  0.000000E+000,  0.000000E+000,  0.000000E+000,  0.000000E+000,  0.000000E+000,  0.000000E+000,  0.000000E+000,  0.000000E+000,  0.000000E+000,  0.000000E+000,  0.000000E+000,  0.000000E+000,  0.000000E+000,  0.000000E+000,  0.000000E+000,  0.000000E+000,  0.000000E+000,  0.000000E+000,  0.000000E+000,  0.000000E+000,  0.000000E+000,  0.000000E+000,  0.000000E+000,  0.000000E+000,  0.000000E+000,  0.000000E+000,  0.000000E+000,  0.000000E+000,  0.000000E+000,  0.000000E+000,  0.000000E+000,  0.000000E+000,  0.000000E+000,  0.000000E+000,  0.000000E+000,  0.000000E+000 },
                    {  0.000000E+000,  0.000000E+000,  0.000000E+000,  0.000000E+000,  0.000000E+000,  0.000000E+000,  0.000000E+000,  0.000000E+000,  0.000000E+000,  0.000000E+000,  0.000000E+000,  0.000000E+000,  0.000000E+000,  0.000000E+000,  0.000000E+000,  0.000000E+000,  0.000000E+000,  0.000000E+000,  0.000000E+000,  0.000000E+000,  0.000000E+000,  0.000000E+000,  0.000000E+000,  0.000000E+000,  0.000000E+000,  0.000000E+000,  0.000000E+000,  0.000000E+000,  0.000000E+000,  0.000000E+000,  0.000000E+000,  0.000000E+000,  0.000000E+000,  0.000000E+000,  0.000000E+000,  0.000000E+000 },
                    {  0.000000E+000,  0.000000E+000,  0.000000E+000,  0.000000E+000,  0.000000E+000,  0.000000E+000,  0.000000E+000,  0.000000E+000,  0.000000E+000,  0.000000E+000,  0.000000E+000,  0.000000E+000,  0.000000E+000,  0.000000E+000,  0.000000E+000,  0.000000E+000,  0.000000E+000,  0.000000E+000,  0.000000E+000,  0.000000E+000,  0.000000E+000,  0.000000E+000,  0.000000E+000,  0.000000E+000,  0.000000E+000,  0.000000E+000,  0.000000E+000,  0.000000E+000,  0.000000E+000,  0.000000E+000,  0.000000E+000,  0.000000E+000,  0.000000E+000,  0.000000E+000,  0.000000E+000,  0.000000E+000 },
                    { -1.068376E+004,  1.602564E+004,  1.602564E+004, -1.175214E+005,  8.012821E+004,  8.012821E+004,  0.000000E+000,  0.000000E+000,  0.000000E+000, -1.709402E+005, -1.602564E+004,  1.602564E+005,  0.000000E+000,  0.000000E+000,  0.000000E+000,  1.068376E+005, -8.012821E+004,  3.205128E+004,  1.068376E+005,  3.205128E+004, -8.012821E+004, -1.709402E+005,  1.602564E+005, -1.602564E+004,  0.000000E+000,  0.000000E+000,  0.000000E+000, -2.136752E+005, -3.205128E+004, -3.205128E+004,  0.000000E+000,  0.000000E+000,  0.000000E+000,  4.700855E+005, -1.602564E+005, -1.602564E+005 },
                    { -1.602564E+004, -1.709402E+005, -1.602564E+005,  8.012821E+004, -1.175214E+005, -8.012821E+004,  0.000000E+000,  0.000000E+000,  0.000000E+000,  1.602564E+004, -1.068376E+004, -1.602564E+004,  0.000000E+000,  0.000000E+000,  0.000000E+000, -8.012821E+004,  1.068376E+005, -3.205128E+004, -3.205128E+004, -2.136752E+005,  3.205128E+004,  1.602564E+005, -1.709402E+005,  1.602564E+004,  0.000000E+000,  0.000000E+000,  0.000000E+000,  3.205128E+004,  1.068376E+005,  8.012821E+004,  0.000000E+000,  0.000000E+000,  0.000000E+000, -1.602564E+005,  4.700855E+005,  1.602564E+005 },
                    { -1.602564E+004, -1.602564E+005, -1.709402E+005,  8.012821E+004, -8.012821E+004, -1.175214E+005,  0.000000E+000,  0.000000E+000,  0.000000E+000,  1.602564E+005,  1.602564E+004, -1.709402E+005,  0.000000E+000,  0.000000E+000,  0.000000E+000, -3.205128E+004,  3.205128E+004, -2.136752E+005, -8.012821E+004, -3.205128E+004,  1.068376E+005,  1.602564E+004, -1.602564E+004, -1.068376E+004,  0.000000E+000,  0.000000E+000,  0.000000E+000,  3.205128E+004,  8.012821E+004,  1.068376E+005,  0.000000E+000,  0.000000E+000,  0.000000E+000, -1.602564E+005,  1.602564E+005,  4.700855E+005 },
                });
            }
            else if (elementID == 1)
            {
                return Matrix.CreateFromArray(new double[,]
                {
                    {  4.700855E+005,  1.602564E+005,  1.602564E+005,  3.220469E+005,  6.773233E+004,  6.773233E+004, -2.136752E+005,  3.205128E+004,  3.205128E+004,  2.136752E+005,  6.047280E+004,  6.047280E+004, -1.709402E+005, -1.602564E+005,  1.602564E+004,  1.709402E+005,  1.417516E+005,  3.023640E+004,  1.068376E+005, -3.205128E+004,  8.012821E+004,  1.438472E+005, -1.354647E+004,  3.386616E+004,  1.068376E+005,  8.012821E+004, -3.205128E+004,  1.438472E+005,  3.386616E+004, -1.354647E+004, -1.709402E+005,  1.602564E+004, -1.602564E+005,  1.709402E+005,  3.023640E+004,  1.417516E+005, -1.175214E+005, -8.012821E+004, -8.012821E+004,  1.175214E+005,  7.087580E+004,  7.087580E+004, -1.068376E+004, -1.602564E+004, -1.602564E+004,  6.333550E+004, -6.773233E+003, -6.773233E+003 },
                    {  1.602564E+005,  4.700855E+005,  1.602564E+005,  6.773233E+004,  1.369988E+005,  2.147029E+004, -3.205128E+004,  1.068376E+005,  8.012821E+004,  1.245754E+005, -1.068376E+005, -8.012821E+004, -1.602564E+005, -1.709402E+005,  1.602564E+004,  1.787612E+005,  1.709402E+005, -1.602564E+004,  3.205128E+004, -2.136752E+005,  3.205128E+004,  1.354647E+004,  8.382582E+003,  4.294058E+003,  8.012821E+004,  1.068376E+005, -3.205128E+004,  3.386616E+004,  5.132316E+004, -4.294058E+003, -1.602564E+004, -1.068376E+004, -1.602564E+004,  6.228768E+004,  1.068376E+004,  1.602564E+004, -8.012821E+004, -1.175214E+005, -8.012821E+004,  8.938061E+004,  1.175214E+005,  8.012821E+004,  1.602564E+004, -1.709402E+005, -1.602564E+005,  6.773233E+003, -4.396824E+003, -2.147029E+004 },
                    {  1.602564E+005,  1.602564E+005,  4.700855E+005,  6.773233E+004,  2.147029E+004,  1.369988E+005, -3.205128E+004,  8.012821E+004,  1.068376E+005,  1.245754E+005, -8.012821E+004, -1.068376E+005, -1.602564E+004, -1.602564E+004, -1.068376E+004,  6.228768E+004,  1.602564E+004,  1.068376E+004,  8.012821E+004, -3.205128E+004,  1.068376E+005,  3.386616E+004, -4.294058E+003,  5.132316E+004,  3.205128E+004,  3.205128E+004, -2.136752E+005,  1.354647E+004,  4.294058E+003,  8.382582E+003, -1.602564E+005,  1.602564E+004, -1.709402E+005,  1.787612E+005, -1.602564E+004,  1.709402E+005, -8.012821E+004, -8.012821E+004, -1.175214E+005,  8.938061E+004,  8.012821E+004,  1.175214E+005,  1.602564E+004, -1.602564E+005, -1.709402E+005,  6.773233E+003, -2.147029E+004, -4.396824E+003 },
                    {  3.220469E+005,  6.773233E+004,  6.773233E+004,  6.440939E+005,  1.354647E+005,  1.354647E+005, -2.136752E+005,  1.245754E+005,  1.245754E+005,  0.000000E+000,  0.000000E+000,  0.000000E+000, -1.709402E+005, -1.787612E+005,  6.228768E+004,  0.000000E+000,  0.000000E+000,  0.000000E+000,  1.438472E+005, -1.354647E+004,  3.386616E+004,  2.876945E+005, -2.709293E+004,  6.773233E+004,  1.438472E+005,  3.386616E+004, -1.354647E+004,  2.876945E+005,  6.773233E+004, -2.709293E+004, -1.709402E+005,  6.228768E+004, -1.787612E+005,  0.000000E+000,  0.000000E+000,  0.000000E+000, -1.175214E+005, -8.938061E+004, -8.938061E+004,  0.000000E+000,  0.000000E+000,  0.000000E+000,  6.333550E+004, -6.773233E+003, -6.773233E+003,  1.266710E+005, -1.354647E+004, -1.354647E+004 },
                    {  6.773233E+004,  1.369988E+005,  2.147029E+004,  1.354647E+005,  2.739976E+005,  4.294058E+004,  6.047280E+004,  1.068376E+005,  8.012821E+004,  0.000000E+000,  0.000000E+000,  0.000000E+000, -1.417516E+005, -1.709402E+005,  1.602564E+004,  0.000000E+000,  0.000000E+000,  0.000000E+000,  1.354647E+004,  8.382582E+003,  4.294058E+003,  2.709293E+004,  1.676516E+004,  8.588115E+003,  3.386616E+004,  5.132316E+004, -4.294058E+003,  6.773233E+004,  1.026463E+005, -8.588115E+003,  3.023640E+004, -1.068376E+004, -1.602564E+004,  0.000000E+000,  0.000000E+000,  0.000000E+000, -7.087580E+004, -1.175214E+005, -8.012821E+004,  0.000000E+000,  0.000000E+000,  0.000000E+000,  6.773233E+003, -4.396824E+003, -2.147029E+004,  1.354647E+004, -8.793648E+003, -4.294058E+004 },
                    {  6.773233E+004,  2.147029E+004,  1.369988E+005,  1.354647E+005,  4.294058E+004,  2.739976E+005,  6.047280E+004,  8.012821E+004,  1.068376E+005,  0.000000E+000,  0.000000E+000,  0.000000E+000,  3.023640E+004, -1.602564E+004, -1.068376E+004,  0.000000E+000,  0.000000E+000,  0.000000E+000,  3.386616E+004, -4.294058E+003,  5.132316E+004,  6.773233E+004, -8.588115E+003,  1.026463E+005,  1.354647E+004,  4.294058E+003,  8.382582E+003,  2.709293E+004,  8.588115E+003,  1.676516E+004, -1.417516E+005,  1.602564E+004, -1.709402E+005,  0.000000E+000,  0.000000E+000,  0.000000E+000, -7.087580E+004, -8.012821E+004, -1.175214E+005,  0.000000E+000,  0.000000E+000,  0.000000E+000,  6.773233E+003, -2.147029E+004, -4.396824E+003,  1.354647E+004, -4.294058E+004, -8.793648E+003 },
                    { -2.136752E+005, -3.205128E+004, -3.205128E+004, -2.136752E+005,  6.047280E+004,  6.047280E+004,  4.700855E+005, -1.602564E+005, -1.602564E+005, -3.220469E+005,  6.773233E+004,  6.773233E+004,  1.068376E+005,  3.205128E+004, -8.012821E+004, -1.438472E+005, -1.354647E+004,  3.386616E+004, -1.709402E+005,  1.602564E+005, -1.602564E+004, -1.709402E+005,  1.417516E+005,  3.023640E+004, -1.709402E+005, -1.602564E+004,  1.602564E+005, -1.709402E+005,  3.023640E+004,  1.417516E+005,  1.068376E+005, -8.012821E+004,  3.205128E+004, -1.438472E+005,  3.386616E+004, -1.354647E+004, -1.068376E+004,  1.602564E+004,  1.602564E+004, -6.333550E+004, -6.773233E+003, -6.773233E+003, -1.175214E+005,  8.012821E+004,  8.012821E+004, -1.175214E+005,  7.087580E+004,  7.087580E+004 },
                    {  3.205128E+004,  1.068376E+005,  8.012821E+004,  1.245754E+005,  1.068376E+005,  8.012821E+004, -1.602564E+005,  4.700855E+005,  1.602564E+005,  6.773233E+004, -1.369988E+005, -2.147029E+004, -3.205128E+004, -2.136752E+005,  3.205128E+004,  1.354647E+004, -8.382582E+003, -4.294058E+003,  1.602564E+005, -1.709402E+005,  1.602564E+004,  1.787612E+005, -1.709402E+005,  1.602564E+004,  1.602564E+004, -1.068376E+004, -1.602564E+004,  6.228768E+004, -1.068376E+004, -1.602564E+004, -8.012821E+004,  1.068376E+005, -3.205128E+004,  3.386616E+004, -5.132316E+004,  4.294058E+003, -1.602564E+004, -1.709402E+005, -1.602564E+005,  6.773233E+003,  4.396824E+003,  2.147029E+004,  8.012821E+004, -1.175214E+005, -8.012821E+004,  8.938061E+004, -1.175214E+005, -8.012821E+004 },
                    {  3.205128E+004,  8.012821E+004,  1.068376E+005,  1.245754E+005,  8.012821E+004,  1.068376E+005, -1.602564E+005,  1.602564E+005,  4.700855E+005,  6.773233E+004, -2.147029E+004, -1.369988E+005, -8.012821E+004, -3.205128E+004,  1.068376E+005,  3.386616E+004,  4.294058E+003, -5.132316E+004,  1.602564E+004, -1.602564E+004, -1.068376E+004,  6.228768E+004, -1.602564E+004, -1.068376E+004,  1.602564E+005,  1.602564E+004, -1.709402E+005,  1.787612E+005,  1.602564E+004, -1.709402E+005, -3.205128E+004,  3.205128E+004, -2.136752E+005,  1.354647E+004, -4.294058E+003, -8.382582E+003, -1.602564E+004, -1.602564E+005, -1.709402E+005,  6.773233E+003,  2.147029E+004,  4.396824E+003,  8.012821E+004, -8.012821E+004, -1.175214E+005,  8.938061E+004, -8.012821E+004, -1.175214E+005 },
                    {  2.136752E+005,  1.245754E+005,  1.245754E+005,  0.000000E+000,  0.000000E+000,  0.000000E+000, -3.220469E+005,  6.773233E+004,  6.773233E+004,  6.440939E+005, -1.354647E+005, -1.354647E+005, -1.438472E+005, -1.354647E+004,  3.386616E+004,  2.876945E+005,  2.709293E+004, -6.773233E+004,  1.709402E+005, -1.787612E+005,  6.228768E+004,  0.000000E+000,  0.000000E+000,  0.000000E+000,  1.709402E+005,  6.228768E+004, -1.787612E+005,  0.000000E+000,  0.000000E+000,  0.000000E+000, -1.438472E+005,  3.386616E+004, -1.354647E+004,  2.876945E+005, -6.773233E+004,  2.709293E+004, -6.333550E+004, -6.773233E+003, -6.773233E+003,  1.266710E+005,  1.354647E+004,  1.354647E+004,  1.175214E+005, -8.938061E+004, -8.938061E+004,  0.000000E+000,  0.000000E+000,  0.000000E+000 },
                    {  6.047280E+004, -1.068376E+005, -8.012821E+004,  0.000000E+000,  0.000000E+000,  0.000000E+000,  6.773233E+004, -1.369988E+005, -2.147029E+004, -1.354647E+005,  2.739976E+005,  4.294058E+004,  1.354647E+004, -8.382582E+003, -4.294058E+003, -2.709293E+004,  1.676516E+004,  8.588115E+003, -1.417516E+005,  1.709402E+005, -1.602564E+004,  0.000000E+000,  0.000000E+000,  0.000000E+000,  3.023640E+004,  1.068376E+004,  1.602564E+004,  0.000000E+000,  0.000000E+000,  0.000000E+000,  3.386616E+004, -5.132316E+004,  4.294058E+003, -6.773233E+004,  1.026463E+005, -8.588115E+003,  6.773233E+003,  4.396824E+003,  2.147029E+004, -1.354647E+004, -8.793648E+003, -4.294058E+004, -7.087580E+004,  1.175214E+005,  8.012821E+004,  0.000000E+000,  0.000000E+000,  0.000000E+000 },
                    {  6.047280E+004, -8.012821E+004, -1.068376E+005,  0.000000E+000,  0.000000E+000,  0.000000E+000,  6.773233E+004, -2.147029E+004, -1.369988E+005, -1.354647E+005,  4.294058E+004,  2.739976E+005,  3.386616E+004,  4.294058E+003, -5.132316E+004, -6.773233E+004, -8.588115E+003,  1.026463E+005,  3.023640E+004,  1.602564E+004,  1.068376E+004,  0.000000E+000,  0.000000E+000,  0.000000E+000, -1.417516E+005, -1.602564E+004,  1.709402E+005,  0.000000E+000,  0.000000E+000,  0.000000E+000,  1.354647E+004, -4.294058E+003, -8.382582E+003, -2.709293E+004,  8.588115E+003,  1.676516E+004,  6.773233E+003,  2.147029E+004,  4.396824E+003, -1.354647E+004, -4.294058E+004, -8.793648E+003, -7.087580E+004,  8.012821E+004,  1.175214E+005,  0.000000E+000,  0.000000E+000,  0.000000E+000 },
                    { -1.709402E+005, -1.602564E+005, -1.602564E+004, -1.709402E+005, -1.417516E+005,  3.023640E+004,  1.068376E+005, -3.205128E+004, -8.012821E+004, -1.438472E+005,  1.354647E+004,  3.386616E+004,  4.700855E+005,  1.602564E+005, -1.602564E+005, -3.220469E+005, -6.773233E+004,  6.773233E+004, -2.136752E+005,  3.205128E+004, -3.205128E+004, -2.136752E+005, -6.047280E+004,  6.047280E+004, -1.175214E+005, -8.012821E+004,  8.012821E+004, -1.175214E+005, -7.087580E+004,  7.087580E+004, -1.068376E+004, -1.602564E+004,  1.602564E+004, -6.333550E+004,  6.773233E+003, -6.773233E+003,  1.068376E+005,  8.012821E+004,  3.205128E+004, -1.438472E+005, -3.386616E+004, -1.354647E+004, -1.709402E+005,  1.602564E+004,  1.602564E+005, -1.709402E+005, -3.023640E+004,  1.417516E+005 },
                    { -1.602564E+005, -1.709402E+005, -1.602564E+004, -1.787612E+005, -1.709402E+005, -1.602564E+004,  3.205128E+004, -2.136752E+005, -3.205128E+004, -1.354647E+004, -8.382582E+003,  4.294058E+003,  1.602564E+005,  4.700855E+005, -1.602564E+005, -6.773233E+004, -1.369988E+005,  2.147029E+004, -3.205128E+004,  1.068376E+005, -8.012821E+004, -1.245754E+005,  1.068376E+005, -8.012821E+004, -8.012821E+004, -1.175214E+005,  8.012821E+004, -8.938061E+004, -1.175214E+005,  8.012821E+004,  1.602564E+004, -1.709402E+005,  1.602564E+005, -6.773233E+003,  4.396824E+003, -2.147029E+004,  8.012821E+004,  1.068376E+005,  3.205128E+004, -3.386616E+004, -5.132316E+004, -4.294058E+003, -1.602564E+004, -1.068376E+004,  1.602564E+004, -6.228768E+004, -1.068376E+004,  1.602564E+004 },
                    {  1.602564E+004,  1.602564E+004, -1.068376E+004,  6.228768E+004,  1.602564E+004, -1.068376E+004, -8.012821E+004,  3.205128E+004,  1.068376E+005,  3.386616E+004, -4.294058E+003, -5.132316E+004, -1.602564E+005, -1.602564E+005,  4.700855E+005,  6.773233E+004,  2.147029E+004, -1.369988E+005,  3.205128E+004, -8.012821E+004,  1.068376E+005,  1.245754E+005, -8.012821E+004,  1.068376E+005,  8.012821E+004,  8.012821E+004, -1.175214E+005,  8.938061E+004,  8.012821E+004, -1.175214E+005, -1.602564E+004,  1.602564E+005, -1.709402E+005,  6.773233E+003, -2.147029E+004,  4.396824E+003, -3.205128E+004, -3.205128E+004, -2.136752E+005,  1.354647E+004,  4.294058E+003, -8.382582E+003,  1.602564E+005, -1.602564E+004, -1.709402E+005,  1.787612E+005, -1.602564E+004, -1.709402E+005 },
